vertex: 0.0197095 0.0273818 1.31404
vertex: -0.033943 0.142304 0.338922
vertex: -0.0983128 0.138572 1.31867
vertex: -0.212299 0.325472 0.329356
vertex: -0.395084 0.142685 0.329359
vertex: -0.208271 0.0283619 1.31947
vertex: -0.208271 0.0283619 1.31947
vertex: -0.211919 -0.0356699 0.338927
vertex: -0.0973337 -0.0893959 1.31444
vertex: -0.395084 0.142685 0.329359
vertex: -0.033943 0.142304 0.338922
vertex: 0.0197095 0.0273818 1.31404
vertex: -0.126009 0.140578 1.80674
vertex: -0.225066 0.247757 1.80846
vertex: -0.332263 0.141733 1.80708
vertex: -0.223934 0.0411208 1.80444
vertex: -0.332263 0.141733 1.80708
vertex: -0.126009 0.140578 1.80674
vertex: -0.0667941 0.142324 2.41933
vertex: 0.0205287 0.0582432 2.42816
vertex: -0.150257 0.0588437 2.41508
vertex: -0.150257 0.0588437 2.41508
vertex: -0.0661825 -0.0276134 2.42506
vertex: 0.0205287 0.0582432 2.42816
vertex: 0.0566098 0.110867 4.17881
vertex: 0.115859 0.0521915 4.18559
vertex: -0.0127218 0.0495144 4.16319
vertex: -0.0127218 0.0495144 4.16319
vertex: 0.0538184 -0.0157198 4.1662
vertex: 0.115859 0.0521915 4.18559
vertex: 0.473112 0.286788 4.80444
vertex: 0.406747 0.351623 4.80127
vertex: 0.341599 0.283366 4.77761
vertex: 0.403168 0.222746 4.78395
vertex: 0.341599 0.283366 4.77761
vertex: 0.473112 0.286788 4.80444
vertex: 0.641237 0.461057 6.02186
vertex: 0.670542 0.433135 6.02088
vertex: 0.613802 0.432571 6.01162
vertex: 0.640673 0.404188 6.0117
vertex: 0.613802 0.432571 6.01162
vertex: 0.670542 0.433135 6.02088
vertex: 0.748544 0.782606 8.52009
vertex: 0.748544 0.782606 8.52009
vertex: -0.854012 0.38537 2.62746
vertex: -0.28148 0.24237 1.87698
vertex: -0.879097 0.418075 2.61994
vertex: -0.198785 0.163703 1.89464
vertex: -0.261619 0.162196 1.73125
vertex: -0.908846 0.384873 2.5939
vertex: -0.266161 0.0769208 1.8662
vertex: -0.908846 0.384873 2.5939
vertex: -0.261619 0.162196 1.73125
vertex: -0.872149 0.351489 2.60356
vertex: -0.198785 0.163703 1.89464
vertex: -0.854012 0.38537 2.62746
vertex: -0.888907 0.609817 3.6273
vertex: -0.925104 0.64213 3.62338
vertex: -0.941872 0.606534 3.58114
vertex: -0.941872 0.606534 3.58114
vertex: -0.914491 0.570462 3.59378
vertex: -0.888907 0.609817 3.6273
vertex: -1.24054 1.26433 4.555
vertex: -1.27329 1.29413 4.55474
vertex: -1.29267 1.26546 4.5488
vertex: -1.26103 1.24156 4.53184
vertex: -1.29267 1.26546 4.5488
vertex: -1.24054 1.26433 4.555
vertex: -3.32034 1.45351 6.04556
vertex: -3.32034 1.45351 6.04556
vertex: -0.278561 -0.00585846 5.40053
vertex: 0.0314776 0.0891632 4.03657
vertex: -0.366293 0.0462508 5.41115
vertex: 0.137243 0.0345171 4.02207
vertex: -0.366293 0.0462508 5.41115
vertex: 0.031791 -0.0195117 4.03893
vertex: -0.367098 -0.059451 5.40977
vertex: 0.0314776 0.0891632 4.03657
vertex: 0.137243 0.0345171 4.02207
vertex: -0.278561 -0.00585846 5.40053
vertex: 0.031791 -0.0195117 4.03893
vertex: -0.367098 -0.059451 5.40977
vertex: -0.356572 0.133745 7.59679
vertex: -0.356572 0.133745 7.59679
vertex: -0.356572 0.133745 7.59679
vertex: 0.708893 0.269177 1.32772
vertex: 0.181954 0.272684 0.337523
vertex: 0.606569 0.369795 1.31979
vertex: 0.304619 0.147204 0.351997
vertex: 0.0429501 0.146033 0.319804
vertex: 0.50865 0.268719 1.30711
vertex: 0.180663 0.015653 0.328108
vertex: 0.606071 0.172184 1.31924
vertex: 0.0429501 0.146033 0.319804
vertex: 0.50865 0.268719 1.30711
vertex: 0.304619 0.147204 0.351997
vertex: 0.708893 0.269177 1.32772
vertex: 0.732838 0.240638 2.52596
vertex: 0.826861 0.149408 2.52852
vertex: 0.633278 0.147819 2.51276
vertex: 0.633278 0.147819 2.51276
vertex: 0.731216 0.0483776 2.51615
vertex: 0.826861 0.149408 2.52852
vertex: 1.09768 0.479036 3.40361
vertex: 1.02383 0.551331 3.38837
vertex: 0.939284 0.473012 3.36306
vertex: 1.01713 0.399612 3.36479
vertex: 0.939284 0.473012 3.36306
vertex: 1.09768 0.479036 3.40361
vertex: 1.78648 0.853656 4.19529
vertex: 1.86486 0.778667 4.18567
vertex: 1.70896 0.772985 4.15357
vertex: 1.70896 0.772985 4.15357
vertex: 1.78051 0.697414 4.16423
vertex: 1.86486 0.778667 4.18567
vertex: 1.88728 1.16582 4.79781
vertex: 1.83852 1.2204 4.80789
vertex: 1.78525 1.16334 4.78726
vertex: 1.83627 1.11037 4.77174
vertex: 1.78525 1.16334 4.78726
vertex: 1.88728 1.16582 4.79781
vertex: 2.13493 1.64764 6.02842
vertex: 2.10616 1.67935 6.02317
vertex: 2.07418 1.6459 6.00799
vertex: 2.07418 1.6459 6.00799
vertex: 2.10444 1.61997 6.00799
vertex: 2.13493 1.64764 6.02842
vertex: 2.93176 1.66961 8.52169
vertex: 2.93176 1.66961 8.52169
vertex: 1.34455 -0.0807886 3.04686
vertex: 0.741867 0.0993206 1.89619
vertex: 1.38447 -0.117619 3.04016
vertex: 0.684847 0.157334 1.91176
vertex: 0.748361 0.158782 1.77323
vertex: 1.41673 -0.0817047 3.03096
vertex: 0.730519 0.222467 1.8861
vertex: 1.41673 -0.0817047 3.03096
vertex: 0.748361 0.158782 1.77323
vertex: 1.37954 -0.0465717 3.03175
vertex: 0.684847 0.157334 1.91176
vertex: 1.34455 -0.0807886 3.04686
vertex: 2.59142 -0.186041 4.20463
vertex: 2.61094 -0.19152 4.21991
vertex: 2.62078 -0.188722 4.22528
vertex: 2.60268 -0.17928 4.20928
vertex: 2.62078 -0.188722 4.22528
vertex: 2.59142 -0.186041 4.20463
vertex: 3.78987 -0.617305 5.1576
vertex: 3.76964 -0.59651 5.1501
vertex: 3.80923 -0.598398 5.15076
vertex: 3.80923 -0.598398 5.15076
vertex: 3.78382 -0.582983 5.14941
vertex: 3.76964 -0.59651 5.1501
vertex: 4.71335 -0.567766 7.07957
vertex: 4.71335 -0.567766 7.07957
vertex: 3.7053 -0.127456 4.25432
vertex: 2.32997 -0.0558857 3.99144
vertex: 3.72988 -0.0990387 4.31091
vertex: 2.31154 -0.086838 3.92774
vertex: 2.3323 -0.117175 3.99098
vertex: 3.72988 -0.0990387 4.31091
vertex: 2.32997 -0.0558857 3.99144
vertex: 3.72786 -0.157054 4.31133
vertex: 2.31154 -0.086838 3.92774
vertex: 3.7053 -0.127456 4.25432
vertex: 2.3323 -0.117175 3.99098
vertex: 3.72786 -0.157054 4.31133
vertex: 5.9112 0.012595 5.2354
vertex: 5.9112 0.012595 5.2354
vertex: 5.9112 0.012595 5.2354
vertex: -1.28955 1.19698 4.53478
vertex: -1.79487 1.16809 5.91
vertex: -1.78149 1.15859 5.8969
vertex: -1.27881 1.19898 4.51721
vertex: -1.79487 1.16809 5.91
vertex: -1.28955 1.19698 4.53478
vertex: -1.79564 1.14763 5.90852
vertex: -1.27881 1.19898 4.51721
vertex: -1.78149 1.15859 5.8969
vertex: -1.28931 1.20151 4.53716
vertex: -1.79564 1.14763 5.90852
vertex: -1.81013 1.29817 8.09408
vertex: -1.81013 1.29817 8.09408
vertex: -1.81013 1.29817 8.09408
vertex: 1.33193 1.03455 5.43298
vertex: 1.64302 0.849753 4.07629
vertex: 1.24256 1.08991 5.44361
vertex: 1.74794 0.796576 4.05362
vertex: 1.64119 0.739853 4.0628
vertex: 1.24508 0.984051 5.44126
vertex: 1.64302 0.849753 4.07629
vertex: 1.24256 1.08991 5.44361
vertex: 1.74794 0.796576 4.05362
vertex: 1.33193 1.03455 5.43298
vertex: 1.64119 0.739853 4.0628
vertex: 1.24508 0.984051 5.44126
vertex: 1.25389 0.897557 7.62877
vertex: 1.25389 0.897557 7.62877
vertex: 1.25389 0.897557 7.62877
vertex: 1.5939 2.05727 4.88402
vertex: 1.43551 0.705147 3.8738
vertex: 1.56413 2.09506 4.95674
vertex: 1.47164 0.689472 3.79061
vertex: 1.56413 2.09506 4.95674
vertex: 1.48843 0.743453 3.87347
vertex: 1.61814 2.10135 4.95628
vertex: 1.43551 0.705147 3.8738
vertex: 1.47164 0.689472 3.79061
vertex: 1.5939 2.05727 4.88402
vertex: 1.48843 0.743453 3.87347
vertex: 1.61814 2.10135 4.95628
vertex: 0.964756 3.18616 6.75937
vertex: 0.964756 3.18616 6.75937
vertex: 0.964756 3.18616 6.75937
vertex: 0.0094083 -0.0454401 3.23744
vertex: -0.414228 0.914251 4.24338
vertex: 0.0504999 -0.049634 3.14906
vertex: -0.461639 0.936795 4.31722
vertex: 0.0441756 0.00301383 3.23807
vertex: -0.461639 0.936795 4.31722
vertex: 0.0094083 -0.0454401 3.23744
vertex: -0.41678 0.969138 4.31794
vertex: 0.0504999 -0.049634 3.14906
vertex: -0.414228 0.914251 4.24338
vertex: 0.0441756 0.00301383 3.23807
vertex: -0.41678 0.969138 4.31794
vertex: -1.46588 1.99714 6.1223
vertex: -1.46588 1.99714 6.1223
vertex: -1.46588 1.99714 6.1223
vertex: 0.00316963 0.0169264 4.06631
vertex: -0.0641959 -1.02994 5.07225
vertex: -0.0313428 0.0396204 3.97793
vertex: -0.0325523 -1.07183 5.14609
vertex: -0.0325523 -1.07183 5.14609
vertex: -0.0500429 -0.00999911 4.06695
vertex: -0.0872768 -1.07981 5.14681
vertex: 0.00316963 0.0169264 4.06631
vertex: -0.0313428 0.0396204 3.97793
vertex: -0.0641959 -1.02994 5.07225
vertex: -0.0500429 -0.00999911 4.06695
vertex: -0.0872768 -1.07981 5.14681
vertex: 0.368604 -2.47608 6.95117
vertex: 0.368604 -2.47608 6.95117
vertex: 0.368604 -2.47608 6.95117
vertex: 1.67316 -0.557029 5.07291
vertex: 1.74048 0.731226 4.0641
vertex: 1.70239 -0.594313 5.14762
vertex: 1.70603 0.752895 3.98071
vertex: 1.68681 0.704162 4.06405
vertex: 1.70239 -0.594313 5.14762
vertex: 1.74048 0.731226 4.0641
vertex: 1.64945 -0.599466 5.14625
vertex: 1.70603 0.752895 3.98071
vertex: 1.67316 -0.557029 5.07291
vertex: 1.68681 0.704162 4.06405
vertex: 1.64945 -0.599466 5.14625
vertex: 2.10487 -1.51807 6.9474
vertex: 2.10487 -1.51807 6.9474
vertex: 2.10487 -1.51807 6.9474
vertex: -0.0124217 0.0393714 2.41273
vertex: -0.539232 -1.02675 3.75237
vertex: -0.088622 0.0467615 2.25422
vertex: -0.515499 -1.05893 3.82466
vertex: -0.515499 -1.05893 3.82466
vertex: -0.141673 -0.0260574 2.41616
vertex: -0.567497 -1.08288 3.84127
vertex: -0.0124217 0.0393714 2.41273
vertex: -0.088622 0.0467615 2.25422
vertex: -0.539232 -1.02675 3.75237
vertex: -0.141673 -0.0260574 2.41616
vertex: -0.567497 -1.08288 3.84127
vertex: -0.798589 -1.83567 5.63044
vertex: -0.798589 -1.83567 5.63044
vertex: -0.798589 -1.83567 5.63044
vertex: 0.896872 0.350438 3.08243
vertex: 2.81677 1.09155 3.74771
vertex: 0.963187 0.304794 2.94181
vertex: 2.80189 1.11117 3.80224
vertex: 2.80189 1.11117 3.80224
vertex: 1.05433 0.326563 3.07456
vertex: 2.87572 1.11065 3.81886
vertex: 0.896872 0.350438 3.08243
vertex: 0.963187 0.304794 2.94181
vertex: 2.81677 1.09155 3.74771
vertex: 1.05433 0.326563 3.07456
vertex: 2.87572 1.11065 3.81886
vertex: 3.85709 1.77211 4.97704
vertex: 3.85709 1.77211 4.97704
vertex: 3.85709 1.77211 4.97704
vertex: -1.57786 0.39311 5.4539
vertex: -1.00436 -1.64174 7.92772
vertex: -2.54023 -1.28995 7.49328
vertex: -0.0419938 0.0413139 5.88833
vertex: -0.74155 0.388959 3.33685
vertex: -1.50296 -2.15521 5.21748
vertex: -2.60582 -1.54378 4.17765
vertex: 0.361307 -0.222473 4.37668
vertex: -1.70126 0.228527 4.66295
vertex: -3.66955 1.50134 8.3399
vertex: -4.80632 0.450632 6.79055
vertex: -0.564488 1.27923 6.2123
vertex: -2.95609 0.458781 5.34369
vertex: -5.85604 -1.00839 5.50794
vertex: -4.48571 -1.89889 5.48356
vertex: -4.32642 1.34928 5.36808
vertex: -3.24478 -1.80088 4.98596
vertex: -2.69548 0.378171 5.30143
vertex: -3.97296 0.684701 5.40849
vertex: -4.52226 -1.49435 5.09301
vertex: -2.6114 0.365813 5.08602
vertex: -4.12547 -0.702233 7.88206
vertex: -4.99991 -0.5553 6.44956
vertex: -1.73696 0.21888 6.51852
vertex: 0.941761 0.792272 7.27834
vertex: 1.48249 -1.12632 9.61081
vertex: 0.0343779 -0.794625 9.2012
vertex: 2.38988 0.460576 7.68795
vertex: 4.86986 1.51824 8.48313
vertex: 0.404469 0.308239 7.14137
vertex: 1.84196 -1.32771 8.19544
vertex: 3.43237 3.15419 7.42906
vertex: 2.41749 1.05978 5.49117
vertex: 2.63506 3.34757 8.42267
vertex: 0.983139 3.0178 7.60861
vertex: 4.06941 1.38955 6.30523
vertex: 6.00987 2.97988 8.04222
vertex: 2.41164 0.562939 6.67737
vertex: 4.35871 -0.492248 7.22995
vertex: 4.0628 4.03507 7.48964
vertex: 6.34307 3.23295 5.73321
vertex: 4.2343 -0.554121 4.36837
vertex: 6.44819 -0.610351 4.92094
vertex: 4.12918 3.28918 5.18063
vertex: 1.36635 -2.54212 8.10303
vertex: 1.95927 -2.19287 6.61208
vertex: 0.0200453 -0.0566624 8.14985
vertex: 0.612967 0.292593 6.6589
vertex: 2.21061 1.07722 6.60277
vertex: 1.70691 -2.80454 6.94921
vertex: 1.34454 -2.95818 4.7009
vertex: 1.84823 0.923585 4.35446
vertex: -0.10111 0.235339 4.75142
vertex: -0.1198 -2.03009 9.0025
vertex: -2.19863 -1.62178 7.83394
vertex: 1.97772 -0.172975 5.91997
vertex: -2.56934 2.5613 5.64731
vertex: -1.0649 -0.00670096 4.33152
vertex: -1.94678 -0.182405 5.69636
vertex: -1.68746 2.73701 4.28247
vertex: -1.05552 -1.63675 6.5852
vertex: -1.33346 -1.5826 4.96771
vertex: 0.80652 0.475815 6.33596
vertex: 0.528581 0.529963 4.71847
vertex: 5.1183 1.80292 6.0786
vertex: 1.94216 0.588392 5.7441
vertex: 3.2742 -0.49101 5.82017
vertex: 3.78626 2.88232 6.00253
vertex: 6.95647 0.286936 5.34966
vertex: 3.27134 -0.122519 4.04816
vertex: 3.79002 -2.18914 3.22969
vertex: 7.47516 -1.77968 4.5312
vertex: 5.15843 1.81411 6.49357
vertex: 1.47329 1.40465 5.19206
vertex: 1.99197 -0.661964 4.3736
vertex: 5.67711 -0.252509 5.67511
vertex: 6.04355 0.365885 7.40947
vertex: 3.79029 0.0509199 5.41931
vertex: 4.39607 -1.53879 4.98503
vertex: 6.64934 -1.22382 6.97519
vertex: 1.39218 3.95234 5.62384
vertex: 1.75312 1.26898 4.27979
vertex: 2.32896 2.07307 2.82908
vertex: 1.96802 4.75643 4.17313
vertex: 1.59062 2.62214 6.08839
vertex: 1.68877 3.8992 5.25546
vertex: 1.05341 3.75024 5.65919
vertex: 2.22598 2.7711 5.68465
vertex: 1.01696 2.73358 6.22047
vertex: 2.04617 0.669454 5.92597
vertex: 3.23085 1.28799 5.7309
vertex: 2.20164 3.35211 6.0254
vertex: 2.47417 1.42191 6.40565
vertex: -0.473433 1.19294 7.23006
vertex: -0.88317 0.598539 5.59999
vertex: 2.06444 0.827514 4.77558
vertex: 5.47688 3.40784 6.53176
vertex: 1.89639 0.616738 6.3281
vertex: 3.14411 1.01906 4.45964
vertex: 4.22916 3.00553 8.40022
vertex: -1.51789 -1.83388 8.98919
vertex: -1.03144 -0.459291 6.9837
vertex: -0.185479 0.396273 7.77531
vertex: -0.671938 -0.978313 9.7808
vertex: 5.45213 1.98592 4.43199
vertex: 2.56464 -0.264968 4.26776
vertex: 3.57086 0.0594813 2.76093
vertex: 4.44591 1.66147 5.93882
vertex: -3.83878 1.34078 8.08559
vertex: -1.54199 0.36964 7.26793
vertex: -1.68475 1.66718 7.45064
vertex: -3.69602 0.04324 7.90289
vertex: -3.71131 0.692652 7.33123
vertex: -1.70005 1.5875 8.75985
vertex: -3.85407 0.88599 8.62723
vertex: -1.55729 1.39416 7.46385
vertex: -2.91397 -0.377906 3.21254
vertex: -1.78961 0.222663 5.50645
vertex: -3.63902 -0.327666 4.31215
vertex: -1.06456 0.172424 4.40684
vertex: 3.36629 1.81376 7.91315
vertex: 4.94871 0.581894 8.52402
vertex: 4.15384 -0.290377 8.82407
vertex: 2.57143 0.941486 8.2132
vertex: 3.52294 2.47656 6.53254
vertex: 6.10228 0.468622 7.52826
vertex: 4.80664 -0.953179 8.01733
vertex: 2.22731 1.05476 7.02161
vertex: 3.09427 2.47656 5.24123
vertex: 5.6736 0.468622 6.23695
vertex: 4.37797 -0.953179 6.72602
vertex: 1.79863 1.05476 5.7303
vertex: 5.2927 -1.01013 6.23695
vertex: 3.55159 -1.82788 6.72602
vertex: 3.67811 1.83203 5.24123
vertex: 1.937 1.01428 5.7303
vertex: 1.37665 2.94105 5.32703
vertex: -1.96839 1.78478 3.56938
vertex: -0.0558499 4.26039 4.94407
vertex: -0.535888 0.465439 3.95235
vertex: 6.62275 -1.17706 6.01697
vertex: 5.42199 -1.61777 6.50442
vertex: 5.50925 0.496632 4.78719
vertex: 4.30848 0.0559198 5.27464
vertex: 5.53858 1.15532 5.64121
vertex: 7.59671 -1.41851 6.54436
vertex: 6.09038 -2.28727 7.50124
vertex: 4.03225 0.28657 6.59809
vertex: 5.006 0.348323 4.72374
vertex: 6.66579 -1.72735 5.45208
vertex: 5.451 -2.42796 6.22376
vertex: 3.79122 -0.352283 5.49541
vertex: 2.80235 -1.34721 4.10807
vertex: 3.31932 0.25744 3.58694
vertex: 3.57858 -1.24245 3.69334
vertex: 2.54309 0.152687 4.00167
vertex: 3.33419 0.566476 4.10103
vertex: 4.16444 -0.66879 3.76485
vertex: 3.42498 -1.15603 3.72896
vertex: 2.59473 0.0792321 4.06514
vertex: 1.75384 -0.964338 3.77212
vertex: 2.47795 -0.0888448 4.02875
vertex: 2.9949 -0.52444 4.05615
vertex: 2.27078 -1.39993 3.79952
vertex: 3.3729 -0.145709 4.2469
vertex: 4.16384 -0.341913 3.76137
vertex: 3.76843 -0.209108 3.53111
vertex: 3.7683 -0.278514 4.47716
vertex: 4.40039 -1.57191 5.20619
vertex: 0.390444 -1.29322 3.08622
vertex: 3.40301 -3.45477 4.38773
vertex: 1.38782 0.589647 3.90468
vertex: 2.82686 0.204868 6.57285
vertex: -0.185706 -0.0173541 4.05951
vertex: -1.18309 -1.57838 5.39303
vertex: 1.82948 -1.35615 7.90636
vertex: -0.797822 -4.82988 4.62666
vertex: 0.655189 -0.690968 5.81399
vertex: -1.4974 -0.994423 5.11823
vertex: 1.35477 -4.52643 5.32242
vertex: 0.720082 0.643335 5.11649
vertex: 0.274666 -3.60648 3.5698
vertex: -1.4536 -2.59967 4.66946
vertex: 2.44834 -0.363478 4.01683
vertex: 0.190009 0.278852 4.41618
vertex: -0.169198 -3.14842 3.16884
vertex: -1.56296 -2.33648 4.05567
vertex: 1.58377 -0.533095 3.52935
vertex: -1.93693 -3.69334 3.69088
vertex: -0.935889 0.277767 4.2658
vertex: -3.26396 0.836386 4.46089
vertex: -4.26501 -3.13472 3.88597
vertex: -2.17615 -3.42897 3.86385
vertex: -1.66653 0.374739 5.40474
vertex: -4.04532 0.590234 5.65954
vertex: -4.55495 -3.21348 4.11865
vertex: 6.37077 -0.321368 5.27501
vertex: 3.41703 -0.608532 5.03964
vertex: 3.62999 -2.09214 4.17733
vertex: 6.58371 -1.80498 4.4127
vertex: 4.53882 -0.288986 4.96333
vertex: 7.31459 -1.61105 3.41424
vertex: 7.40169 -0.0626583 4.17905
vertex: 4.45171 -1.83738 4.19853
vertex: 5.6322 1.28939 2.55424
vertex: 2.59579 0.80673 4.10333
vertex: 3.40102 -0.518678 3.33853
vertex: 4.82697 2.6148 3.31905
vertex: 3.94713 0.149953 2.25339
vertex: 2.07219 -0.181661 3.87602
vertex: 2.74885 -1.34697 4.41975
vertex: 4.62379 -1.01535 2.79712
vertex: 4.00008 -2.60157 5.46876
vertex: 0.54323 -1.94132 3.74778
vertex: 3.14027 -4.01516 4.40377
vertex: 1.40304 -0.52772 4.81278
vertex: 2.77953 -1.87498 5.71917
vertex: 1.33163 -1.59843 4.99834
vertex: 2.4194 -2.46706 5.27309
vertex: 1.69177 -1.00635 5.44441
vertex: 2.9119 -2.15988 6.38204
vertex: 1.464 -1.88334 5.66121
vertex: 2.55177 -2.75197 5.93597
vertex: 1.82413 -1.29126 6.10728
vertex: 1.85723 -3.14688 6.17592
vertex: 1.9849 -1.5586 6.56773
vertex: 1.24236 -1.90173 6.46706
vertex: 2.59977 -2.80375 6.27659
vertex: 1.86473 1.85339 5.47682
vertex: 2.06472 4.67767 4.18297
vertex: 0.77017 4.25591 4.95169
vertex: 3.15928 2.27515 4.70811
vertex: 1.15886 1.631 4.20022
vertex: -1.1013 0.849739 3.01262
vertex: 0.190952 2.52245 3.94147
vertex: -0.133398 -0.0417061 3.27138
vertex: -0.44392 0.527894 3.37299
vertex: -0.144475 1.65848 4.26446
vertex: 0.373776 1.15875 4.72415
vertex: 0.0743313 0.0281632 3.83268
vertex: -1.28503 -1.03627 5.35874
vertex: 0.124551 -4.21502 5.40139
vertex: 1.62938 -3.53214 6.56295
vertex: 0.219796 -0.35339 6.5203
vertex: 0.975578 -3.11331 6.22015
vertex: -0.45932 -2.47885 6.65544
vertex: 0.343044 -3.60412 6.3868
vertex: 0.173214 -1.98804 6.48879
vertex: -1.63151 3.45893 3.65569
vertex: -0.0170073 1.35465 5.54107
vertex: -0.556838 4.00355 4.76016
vertex: -1.09168 0.810035 4.43661
vertex: -0.736081 1.71475 4.67106
vertex: -3.37554 2.29899 3.89014
vertex: -3.31512 1.09571 2.78568
vertex: -0.675658 0.511469 3.56659
vertex: -2.2877 -0.287287 6.52876
vertex: -4.93513 -1.44161 6.2617
vertex: -5.43705 -0.0891477 5.3915
vertex: -2.78962 1.06517 5.65856
vertex: -3.02144 2.44892 4.34494
vertex: -0.867374 0.716845 3.81785
vertex: 0.144627 1.99812 3.74321
vertex: -2.00944 3.73019 4.2703
vertex: -1.93055 2.38846 7.20737
vertex: -0.210385 -0.294623 5.81622
vertex: 0.902246 0.98673 4.72066
vertex: -0.817917 3.66982 6.11181
vertex: 1.26426 1.70547 5.49366
vertex: 0.76758 4.62893 4.54639
vertex: -0.441771 3.68962 4.86235
vertex: 2.47361 2.64478 5.1777
vertex: 3.91029 3.38704 4.30973
vertex: 1.96449 1.1929 5.35385
vertex: 3.15757 0.804985 4.42072
vertex: 2.71721 3.77496 5.24287
vertex: 1.9059 1.46881 3.95368
vertex: 0.584163 1.01193 3.25917
vertex: 1.33987 1.99012 3.80235
vertex: 1.15019 0.490618 3.41049
vertex: 0.409069 1.26831 3.95368
vertex: 1.20877 0.32574 3.41049
vertex: 0.581161 -0.119531 3.25917
vertex: -0.218536 0.823039 3.80235
vertex: -2.2684 0.361294 6.67538
vertex: -0.00655341 0.0641023 4.95962
vertex: 0.178946 0.280295 6.36475
vertex: -2.4539 0.145101 5.27025
vertex: -2.49211 0.0753825 7.57271
vertex: 0.234807 0.301894 6.75987
vertex: -0.228899 -0.894411 7.39969
vertex: -2.02841 1.27169 6.93289
vertex: -1.9445 0.290302 4.83309
vertex: -4.09036 -0.458998 2.92057
vertex: -2.87819 -1.31748 3.06077
vertex: -3.15668 1.14878 4.69289
vertex: -1.02186 1.22364 4.06636
vertex: -2.13532 -1.28804 2.93695
vertex: -1.10159 -1.34316 4.01137
vertex: -2.0556 1.27877 2.99194
vertex: -1.37546 -0.758284 2.36088
vertex: -0.468541 0.517734 3.66669
vertex: -1.43697 1.19907 3.6735
vertex: -2.34389 -0.0769483 2.36769
vertex: 1.97027 -0.163913 4.00445
vertex: 4.40141 -0.95302 2.76431
vertex: 3.88708 -1.69449 3.86965
vertex: 2.48461 0.57756 2.89911
vertex: 5.99151 -0.76288 3.0092
vertex: 3.56037 -0.370833 4.42586
vertex: 4.07471 0.661411 3.5856
vertex: 5.47717 -1.79512 3.84945
vertex: 1.28473 0.651405 3.96775
vertex: 2.70697 1.9026 2.87801
vertex: 3.068 1.09224 3.52436
vertex: 0.923694 1.46176 3.32139
vertex: 1.64821 -0.0406953 3.34255
vertex: 3.07044 1.2105 2.25281
vertex: 3.43148 0.400144 2.89916
vertex: 1.28717 0.769662 2.6962
vertex: 1.17504 -0.0452108 2.94004
vertex: 1.56231 0.592669 3.12963
vertex: 2.02693 -0.267899 1.94919
vertex: 2.41419 0.36998 2.13878
vertex: 1.54125 -1.0629 2.73695
vertex: 1.93911 -0.0130711 3.44168
vertex: 2.60705 -0.366007 3.59035
vertex: 2.20919 -1.41584 2.88562
vertex: -2.9337 -0.219678 9.13955
vertex: 0.742851 0.627964 6.14478
vertex: 0.456837 -1.56419 7.12784
vertex: -2.64769 1.97248 8.15648
vertex: 3.15776 2.51743 4.25787
vertex: 0.266867 1.59197 2.52404
vertex: 2.3056 3.6945 3.27244
vertex: 1.11903 0.414904 3.50947
vertex: -3.0432 3.4027 6.8749
vertex: -1.53876 0.834697 5.55911
vertex: -2.42064 0.658993 6.92395
vertex: -2.16132 3.5784 5.51006
vertex: -1.52737 2.59644 6.60146
vertex: -2.2004 1.19021 7.35353
vertex: -1.99948 2.67317 7.32744
vertex: -1.72829 1.11347 6.62755
vertex: -1.38528 1.7259 3.20015
vertex: -0.751051 0.226653 2.61186
vertex: -1.10716 0.269388 3.4038
vertex: -1.02917 1.68316 2.4082
vertex: -0.312678 0.970265 3.50366
vertex: -0.187248 0.0192921 2.72622
vertex: -0.727036 0.322366 2.76309
vertex: 0.22711 0.667191 3.46679
vertex: 1.58477 -1.1036 2.36624
vertex: 2.12939 0.0474816 3.21964
vertex: 2.33869 -1.05553 2.51491
vertex: 1.37547 -0.000589831 3.07097
vertex: 2.78502 -2.73446 2.35284
vertex: 3.21579 0.868999 3.48502
vertex: 4.52807 -2.04584 2.71821
vertex: 1.47274 0.180385 3.11965
vertex: 0.785496 0.1636 6.57756
vertex: 2.66733 2.34789 7.62703
vertex: 3.24012 1.00762 7.12661
vertex: 0.21271 1.50387 7.07798
vertex: 1.03877 0.606089 6.57996
vertex: 1.22828 1.86261 9.37264
vertex: 2.50937 1.56195 8.5706
vertex: -0.242319 0.906752 7.382
vertex: 0.108855 0.179081 8.57529
vertex: 0.595314 1.55367 6.5698
vertex: 1.44127 2.40923 7.36141
vertex: 0.954812 1.03465 9.36691
vertex: -2.21225 0.179081 8.57529
vertex: -1.72579 1.55367 6.5698
vertex: -0.879834 2.40923 7.36141
vertex: -1.36629 1.03465 9.36691
vertex: 1.33683 0.568558 5.57154
vertex: 1.60227 3.35966 9.14797
vertex: -0.413074 2.95734 8.15482
vertex: 3.35217 0.970875 6.56469
vertex: -0.462927 2.61458 5.92038
vertex: 0.631638 0.225008 5.33917
vertex: 1.92619 0.941067 4.83315
vertex: 0.831623 3.33064 5.41435
vertex: 0.108178 4.47058 5.92038
vertex: 1.20274 2.081 5.33917
vertex: 2.49729 2.79706 4.83315
vertex: 1.40273 5.18664 5.41435
vertex: -0.0678966 3.13601 5.04526
vertex: 1.93726 0.960652 4.07689
vertex: 2.46295 2.26367 4.76278
vertex: -0.593582 1.83299 4.35937
vertex: -0.511719 1.40673 5.55853
vertex: -0.693375 -1.82925 9.12218
vertex: -2.50097 -1.68249 7.52068
vertex: 1.29587 1.25997 7.16004
vertex: 4.78658 0.365885 8.0843
vertex: 2.53331 0.0509199 6.09414
vertex: 3.13909 -1.53879 5.65986
vertex: 5.39236 -1.22382 7.65002
vertex: 1.03941 -2.87512 2.20063
vertex: 1.77337 -0.356916 5.02049
vertex: 1.34651 -3.49975 4.00539
vertex: 1.46627 0.267712 3.21574
vertex: -4.09572 0.556063 4.98596
vertex: -2.60379 2.67325 5.40849
vertex: -4.65108 1.74665 5.09301
vertex: -2.04843 1.48267 5.30143
vertex: -3.81309 0.947901 5.35332
vertex: -2.88642 2.26293 5.61577
vertex: -4.15803 1.68739 5.41982
vertex: -2.54148 1.52343 5.54927
vertex: -3.21725 2.26352 5.67204
vertex: -3.48752 0.677655 5.4096
vertex: -2.58755 1.74456 5.60554
vertex: -4.11722 1.19661 5.47609
vertex: -4.08149 1.1547 5.30143
vertex: -2.02176 2.60868 4.57318
vertex: -4.26684 2.35099 4.78
vertex: -1.83642 1.41238 5.09461
vertex: -0.20736 4.2716 2.93532
vertex: 0.172767 1.91567 4.42629
vertex: 1.60479 2.48881 4.96684
vertex: 1.22466 4.84475 3.47588
vertex: -0.367992 2.31763 2.36502
vertex: 0.253002 -0.0383065 3.7728
vertex: 1.7546 0.534838 4.06958
vertex: 1.13361 2.89078 2.66181
vertex: -0.114347 -0.495028 3.37527
vertex: 0.209387 -1.75487 4.36491
vertex: -2.51426 -1.73305 2.5843
vertex: -2.19053 -2.99289 3.57394
vertex: 2.32816 4.04305 6.04271
vertex: 2.36303 2.02476 5.29031
vertex: 3.25563 3.60955 5.69252
vertex: 1.43556 2.45826 5.6405
vertex: 3.43485 3.31067 5.13433
vertex: 1.96005 1.20158 5.9137
vertex: 3.24255 1.02709 5.52788
vertex: 2.15235 3.48516 5.52014
vertex: 3.20932 1.14846 7.79494
vertex: 0.597418 -0.070659 4.28163
vertex: 2.75425 0.589389 3.93202
vertex: 1.05249 0.488416 8.14455
vertex: 0.597696 2.88234 4.93712
vertex: 2.04832 -0.271893 5.6933
vertex: 3.56668 0.673305 6.72323
vertex: 2.11606 3.82754 5.96706
vertex: -1.02983 2.73756 5.2343
vertex: 0.598431 -0.223265 6.3332
vertex: 2.39205 0.794304 6.41725
vertex: 0.763789 3.75513 5.31835
vertex: 0.406385 1.86067 6.10928
vertex: -1.5095 3.3963 8.80901
vertex: -0.623781 4.44657 7.59575
vertex: -0.479337 0.810388 7.32254
vertex: -1.25354 2.60636 6.44116
vertex: 1.14149 -0.0183542 6.44356
vertex: 2.61588 1.32749 6.96742
vertex: 0.220855 3.95221 6.96502
vertex: 6.75617 1.89351 4.794
vertex: 3.03377 0.919766 5.59235
vertex: 3.73355 -1.10085 6.39062
vertex: 7.45596 -0.127104 5.59227
vertex: 3.18789 4.60585 3.49084
vertex: 3.35352 0.354375 5.08746
vertex: 5.15041 3.75667 4.28911
vertex: 1.391 1.20355 4.28919
vertex: 3.45307 3.80393 2.38032
vertex: 0.195556 1.26684 4.27858
vertex: 2.34629 0.505833 4.20772
vertex: 1.30234 4.56494 2.45118
vertex: -2.91443 -3.3071 4.65039
vertex: -1.32343 -0.202171 6.0512
vertex: -3.29654 0.704369 6.28284
vertex: -4.88754 -2.40056 4.88202
vertex: -1.06688 -2.85733 4.41748
vertex: 0.167354 -0.448657 5.50417
vertex: -1.3633 0.254598 5.68386
vertex: -2.59753 -2.15407 4.59717
vertex: -2.13341 -2.69558 3.11813
vertex: -0.98825 -0.570553 4.75483
vertex: -2.52828 0.106812 4.9529
vertex: -3.67345 -2.01821 3.3162
vertex: 1.16067 3.48275 6.74715
vertex: 2.43 0.941296 6.98111
vertex: 3.89188 1.69049 7.18815
vertex: 2.62254 4.23195 6.95418
vertex: 4.13741 2.85271 7.70144
vertex: 1.48458 3.86892 7.46747
vertex: 0.912917 2.32892 7.26044
vertex: 3.56575 1.31271 7.49441
vertex: 2.79841 4.11301 4.37251
vertex: 3.38962 1.65228 6.48474
vertex: 4.23106 4.05377 5.2003
vertex: 1.95697 1.71152 5.65694
vertex: 0.372581 4.62098 6.78989
vertex: -0.171835 1.89118 5.30341
vertex: -1.48669 1.49275 6.51667
vertex: -0.942271 4.22254 8.00315
vertex: 0.292588 1.79035 5.82452
vertex: -0.0715294 3.3995 8.80948
vertex: 1.46087 3.33832 8.04633
vertex: -1.23981 1.85153 6.58768
vertex: -0.6058 -0.459291 7.32262
vertex: 0.818035 -0.978313 9.7569
vertex: -0.26998 -1.83388 9.35876
vertex: 0.482214 0.396273 7.72077
vertex: 1.92154 -0.265534 6.84835
vertex: 2.95107 0.827779 9.29112
vertex: 3.79667 0.72994 8.12937
vertex: 1.07593 -0.167694 8.0101
vertex: -3.70976 -2.69558 3.11813
vertex: -2.56459 -0.570553 4.75483
vertex: -4.10463 0.106812 4.9529
vertex: -5.24979 -2.01821 3.3162
vertex: -3.34514 -0.467304 6.34632
vertex: -2.52352 1.00001 6.55054
vertex: -5.65446 0.971884 5.2967
vertex: -4.83284 2.43919 5.50092
vertex: -4.56668 0.305499 4.14754
vertex: -3.16709 -2.13945 4.90206
vertex: -4.65332 -2.91508 5.14557
vertex: -6.05291 -0.470131 4.39105
vertex: -4.58587 0.107744 4.56956
vertex: -3.35816 -2.03695 5.23142
vertex: -4.66186 -2.71732 5.44503
vertex: -5.88958 -0.572633 4.78317
vertex: -5.05457 0.332428 6.42077
vertex: -2.77019 -1.41841 7.10589
vertex: -5.29379 -1.00821 7.01545
vertex: -2.53096 -0.077771 6.51121
vertex: 1.78402 4.56494 2.79794
vertex: 1.89893 0.505833 4.83805
vertex: 3.72446 3.80393 3.72819
vertex: -0.041511 1.26684 3.90781
vertex: 1.09911 1.76528 6.65095
vertex: -1.72828 2.62591 8.48354
vertex: -2.11758 0.669563 8.80167
vertex: 0.709809 -0.191068 6.96908
vertex: 0.263413 0.405305 9.64535
vertex: -0.658171 1.17694 7.08096
vertex: 0.112357 1.78301 9.32514
vertex: -0.507114 -0.200774 7.40116
vertex: -0.224731 1.67517 9.18449
vertex: 1.19683 -0.151918 7.553
vertex: -0.0766528 0.331112 7.14268
vertex: 1.04875 1.19214 9.59481
vertex: -2.46835 1.67517 7.97343
vertex: -1.0468 -0.151918 6.34193
vertex: -2.32028 0.331112 5.93161
vertex: -1.19487 1.19214 8.38375
vertex: -3.48836 -2.56054 5.40991
vertex: -0.204519 -0.0505011 6.75856
vertex: -3.85221 -0.477398 5.95468
vertex: 0.159331 -2.13364 6.21379
vertex: -3.28833 3.61318 3.3559
vertex: -1.99212 0.134272 3.9485
vertex: -0.0109422 0.945725 4.37872
vertex: -1.30715 4.42463 3.78613
vertex: -1.3053 -2.68713 5.1952
vertex: 0.2857 0.417796 6.59601
vertex: -1.68741 1.32434 6.82765
vertex: -3.27841 -1.78059 5.42683
vertex: -3.70681 3.33858 3.26968
vertex: -2.14683 1.33455 4.81051
vertex: -1.47003 2.53885 4.24695
vertex: -4.38362 2.13428 3.83324
vertex: 2.68136 -2.05752 2.76564
vertex: 1.23845 -0.227503 3.47816
vertex: 2.449 -0.0626728 3.40367
vertex: 1.47081 -2.22235 2.84013
vertex: 0.823566 -0.772054 4.00476
vertex: -1.36966 1.63448 5.77082
vertex: 0.470376 1.90579 5.7263
vertex: -1.01647 -1.04336 4.04928
vertex: 2.32739 -0.772054 4.00476
vertex: 0.134168 1.63448 5.77082
vertex: 1.9742 1.90579 5.7263
vertex: 0.487358 -1.04336 4.04928
vertex: 2.80244 -0.772054 4.00476
vertex: 0.60921 1.63448 5.77082
vertex: 2.44925 1.90579 5.7263
vertex: 0.9624 -1.04336 4.04928
vertex: 3.95501 -1.04862 5.22228
vertex: 1.26059 1.40642 4.5639
vertex: 2.98645 1.99127 4.93899
vertex: 2.22915 -1.63347 4.84719
vertex: -3.09008 -3.37825 4.20439
vertex: -0.307056 -0.606418 4.32085
vertex: 1.18508 -2.13812 5.11913
vertex: -1.59794 -4.90995 5.00267
vertex: 3.31867 -3.45587 7.10422
vertex: 2.34228 0.921107 6.36913
vertex: 0.695605 -0.532094 6.99082
vertex: 4.96534 -2.00267 6.48253
vertex: 3.44644 3.23842 7.02287
vertex: 4.76264 2.00655 8.09283
vertex: 3.91395 1.13428 8.13257
vertex: 2.59776 2.36615 7.0626
vertex: 4.69814 0.928045 4.51882
vertex: 6.42304 -1.63677 3.00263
vertex: 7.18812 -0.107168 3.25757
vertex: 3.93307 -0.601561 4.26388
vertex: 2.2764 1.2299 4.51827
vertex: 5.05217 -0.0921594 2.96918
vertex: 5.13928 1.45623 3.73398
vertex: 2.18929 -0.318487 3.75346
vertex: 1.75384 -1.15413 5.5214
vertex: 0.820396 -2.88793 4.39028
vertex: 1.86733 -2.98905 4.83142
vertex: 0.706904 -1.05301 5.08026
vertex: 4.44146 -2.09147 5.15963
vertex: 3.50901 -0.0031763 5.6818
vertex: 2.83832 -0.849642 5.21069
vertex: 5.11215 -1.245 5.63074
vertex: 2.20895 -0.275786 3.84705
vertex: 3.43327 -2.26068 3.3786
vertex: 2.25282 -2.97691 3.32822
vertex: 1.0285 -0.992018 3.79667
vertex: 5.9736 0.927383 3.71452
vertex: 4.02718 0.617983 4.70752
vertex: 4.54336 -0.231638 4.21727
vertex: 5.45743 1.777 4.20478
vertex: 3.19971 2.36541 4.8219
vertex: 5.32751 2.42428 4.23938
vertex: 4.75268 3.36622 4.34405
vertex: 3.77454 1.42346 4.71723
vertex: 0.522454 2.44075 6.47322
vertex: 1.31952 4.44262 5.99208
vertex: 0.229949 4.29733 6.13826
vertex: 1.61203 2.58604 6.32704
vertex: -2.74531 4.0095 4.57434
vertex: -1.91173 1.69922 5.07396
vertex: -0.56002 2.21905 5.22244
vertex: -1.3936 4.52932 4.72283
vertex: 4.62702 -0.14539 6.22957
vertex: 6.82722 0.263319 5.28207
vertex: 4.9629 0.988157 5.9261
vertex: 6.49134 -0.870228 5.58553
vertex: -1.1963 -0.585253 6.89984
vertex: -1.2655 1.03242 9.26643
vertex: -2.46525 0.391614 8.79289
vertex: 0.00344789 0.0555559 7.37338
vertex: 4.29907 -0.345469 8.40182
vertex: 2.27095 0.272872 7.11633
vertex: 2.48406 -0.85002 6.23998
vertex: 4.51218 -1.46836 7.52548
vertex: 2.209 -2.08851 6.01873
vertex: 1.38869 -2.15803 6.05743
vertex: 2.30765 -3.45601 5.6534
vertex: 1.48734 -3.52552 5.6921
vertex: 4.03338 -0.937683 4.65201
vertex: 1.58753 -0.959078 6.57703
vertex: 3.47159 -2.29268 5.19281
vertex: 2.14931 0.395919 6.03622
vertex: 3.83506 -3.09827 5.65764
vertex: 3.08308 -1.41416 6.07874
vertex: 2.5422 -2.0968 5.69881
vertex: 4.37594 -2.41563 6.03756
vertex: 2.38086 -4.20798 4.6198
vertex: 3.44145 -1.30441 5.82289
vertex: 1.87022 -1.46699 5.29322
vertex: 3.9521 -4.0454 5.14946
vertex: 2.86827 -3.70009 2.83776
vertex: 3.13254 -1.48938 3.53235
vertex: 3.93762 -3.27763 3.06191
vertex: 2.06319 -1.91185 3.30819
vertex: 4.78389 -2.4736 3.17938
vertex: 3.01282 -1.96947 3.56261
vertex: 4.09769 -3.1228 3.19097
vertex: 3.69902 -1.32027 3.55101
vertex: -0.218264 -4.45196 3.4534
vertex: 0.240541 -2.65421 4.03222
vertex: 0.711192 -4.21924 3.64019
vertex: -0.688915 -2.88694 3.84542
vertex: 4.54937 -3.04658 4.25506
vertex: 3.01322 -2.52133 4.81921
vertex: 3.91713 -3.61921 4.38754
vertex: 3.64546 -1.9487 4.68673
vertex: 4.64128 -2.4124 3.14668
vertex: 1.95455 -1.49374 4.1334
vertex: 3.53548 -3.41393 3.3784
vertex: 3.06034 -0.492209 3.90168
vertex: 4.64128 -2.95635 3.30407
vertex: 1.95455 -2.03769 4.29078
vertex: 3.53548 -3.95788 3.53579
vertex: 3.06034 -1.03616 4.05906
vertex: -4.99732 0.63687 3.25662
vertex: -2.8359 -1.114 4.13334
vertex: -2.23609 0.122459 5.12389
vertex: -4.39752 1.87332 4.24716
